0162000251020010006205288882000                                                                                                                                                                                                                                                                                                                                 
1062100251020010006205288882000                                                                                                                                                                                                                                                                                                                                 
2062102251020010006205288882000                                                                                                                                                                                                                                                                                                                                 
3062102205212980000014020528888  0000930000200000000000          00005700000000000000000000000000000000000000000000310000000000001210001000000000                                                                                                                                                                                                               
3062102205212980000015120528888  0001520000200000000000          00000006010000000000000000000000000000000000100000100000001231231220000000601000                                                                                                                                                                                                               
40621022052200000000200005706010000000000000                                                                                                                                                                                                                                                                                                                    
2062103251020010006205288882000                                                                                                                                                                                                                                                                                                                                 
3062103205212980000016220528888  0002000000600000000000          000000337970000000000000000000000000000000005623400300000000000000000000000000000000000000000000000001810200105                                                                                00000033797000000000000                                                                         
40621032052200000000100000033797000000000000                                                                                                                                                                                                                                                                                                                    
2062105251020010006205288882000                                                                                                                                                                                                                                                                                                                                 
3062105205212980000017320528888  0000010000100000000000          0000000560400000000000000000000000000000000009324000000000000000000000000000000001                                                                                                                                                                                                             
3062105205212980000018420528888  0000830000700000000000          0000001450000000000000000000000000000000000000000000000000000000000000000000000002                                                                                                                                                                                                             
40621052052200000000200000020104000000000000                                                                                                                                                                                                                                                                                                                    
2062114251020010006205288882000                                                                                                                                                                                                                                                                                                                                 
3062114205212980000019520528888  0000490000000000000000          00000006010000000000000000000000000000000000100001PRUEBA 1                                                                                                                                                                                                                                     
40621142052200000000100000006010000000000000                                                                                                                                                                                                                                                                                                                    
506210025102001000620528888200000001600000600005765921000000000000                                                                                                                                                                                                                                                                                              
1062200251020010006205288882000                                                                                                                                                                                                                                                                                                                                 
2062203251020010006205288882000                                                                                                                                                                                                                                                                                                                                 
3062203205212980000020620528888  0001020000500000000000          000000600000000000000000000000003453240000000000000400000000000000000000000000000000000000000000001341610200104                                                                                00000045000012500002500                                                                         
40622032052200000000100000060000000000000000                                                                                                                                                                                                                                                                                                                    
2062207251020010006205288882000                                                                                                                                                                                                                                                                                                                                 
3062207205212980000021020528888  0000110000700000000000          000000054090000000000000000000000000000000000900000000000200000000000000001000000050000000000000000000409                                                                                2
40622072052200000000100000005409000000000000                                                                                                                                                                                                                                                                                                                    
2062214251020010006205288882000                                                                                                                                                                                                                                                                                                                                 
3062214205212980000022120528888  0001900000200000000000          00000009000000000000000000000000000000000000000000ESTE SIN C.U.C.                                                                                                                                                                                                                              
40622142052200000000100000009000000000000000                                                                                                                                                                                                                                                                                                                    
506220025102001000620528888200000001100000300000074409000000000000                                                                                                                                                                                                                                                                                              
906200000000584033000000000000000000000000000000000000000000000000070000029000009000000                                                                                                                                                                                                                                                                         
